layout_spectrum: 0.2526882
color:
  saturation: 0.2939068
  brandStrength: 0.9305431
  lightness: 0.218638
  rhythmicContrast: 0.2329749
typography_spectrum: 0.218638
name: LA on the grid
